V1,Representation,Normal_Size,Percentage_Random_Features,Normal_Iteration,Iteration_Features
0.523030303030303,KNN,0.01,0.2,1,1
0.511717171717172,KNNW,0.01,0.2,1,1
0.725858585858586,LOF,0.01,0.2,1,1
0.543636363636364,SimplifiedLOF,0.01,0.2,1,1
0.582424242424242,LoOP,0.01,0.2,1,1
0.641212121212121,LDOFs,0.01,0.2,1,1
0.588484848484849,ODIN,0.01,0.2,1,1
0.666464646464647,FastABOD,0.01,0.2,1,1
0.547676767676768,KDEOS,0.01,0.2,1,1
0.516565656565657,LDF,0.01,0.2,1,1
0.724444444444444,INFLO,0.01,0.2,1,1
0.565858585858586,COF,0.01,0.2,1,1
0.597575757575758,1-random,0.01,0.2,1,1
0.609090909090909,many-random,0.01,0.2,1,1
0.674747474747475,Original-View,0.01,0.2,1,1
0.518989898989899,KNN,0.01,0.2,1,2
0.51989898989899,KNNW,0.01,0.2,1,2
0.74040404040404,LOF,0.01,0.2,1,2
0.475353535353535,SimplifiedLOF,0.01,0.2,1,2
0.602626262626263,LoOP,0.01,0.2,1,2
0.65979797979798,LDOFs,0.01,0.2,1,2
0.667878787878788,ODIN,0.01,0.2,1,2
0.661414141414142,FastABOD,0.01,0.2,1,2
0.523232323232323,KDEOS,0.01,0.2,1,2
0.600808080808081,LDF,0.01,0.2,1,2
0.721414141414141,INFLO,0.01,0.2,1,2
0.582424242424242,COF,0.01,0.2,1,2
0.645252525252525,1-random,0.01,0.2,1,2
0.615353535353535,many-random,0.01,0.2,1,2
0.674747474747475,Original-View,0.01,0.2,1,2
0.703636363636364,KNN,0.01,0.2,2,1
0.650505050505051,KNNW,0.01,0.2,2,1
0.74969696969697,LOF,0.01,0.2,2,1
0.743838383838384,SimplifiedLOF,0.01,0.2,2,1
0.712929292929293,LoOP,0.01,0.2,2,1
0.694545454545455,LDOFs,0.01,0.2,2,1
0.712323232323232,ODIN,0.01,0.2,2,1
0.736969696969697,FastABOD,0.01,0.2,2,1
0.646868686868687,KDEOS,0.01,0.2,2,1
0.684444444444444,LDF,0.01,0.2,2,1
0.726464646464646,INFLO,0.01,0.2,2,1
0.754343434343434,COF,0.01,0.2,2,1
0.516363636363636,1-random,0.01,0.2,2,1
0.649292929292929,many-random,0.01,0.2,2,1
0.685252525252525,Original-View,0.01,0.2,2,1
0.703232323232323,KNN,0.01,0.2,2,2
0.643434343434343,KNNW,0.01,0.2,2,2
0.745656565656566,LOF,0.01,0.2,2,2
0.743030303030303,SimplifiedLOF,0.01,0.2,2,2
0.698989898989899,LoOP,0.01,0.2,2,2
0.687676767676768,LDOFs,0.01,0.2,2,2
0.636565656565657,ODIN,0.01,0.2,2,2
0.738181818181818,FastABOD,0.01,0.2,2,2
0.67010101010101,KDEOS,0.01,0.2,2,2
0.641414141414141,LDF,0.01,0.2,2,2
0.726464646464646,INFLO,0.01,0.2,2,2
0.727878787878788,COF,0.01,0.2,2,2
0.522424242424243,1-random,0.01,0.2,2,2
0.529292929292929,many-random,0.01,0.2,2,2
0.685252525252525,Original-View,0.01,0.2,2,2
0.537171717171717,KNN,0.01,0.2,3,1
0.54,KNNW,0.01,0.2,3,1
0.466868686868687,LOF,0.01,0.2,3,1
0.488282828282828,SimplifiedLOF,0.01,0.2,3,1
0.497373737373737,LoOP,0.01,0.2,3,1
0.521212121212121,LDOFs,0.01,0.2,3,1
0.662626262626263,ODIN,0.01,0.2,3,1
0.732525252525253,FastABOD,0.01,0.2,3,1
0.658585858585859,KDEOS,0.01,0.2,3,1
0.561414141414141,LDF,0.01,0.2,3,1
0.536161616161616,INFLO,0.01,0.2,3,1
0.534949494949495,COF,0.01,0.2,3,1
0.567070707070707,1-random,0.01,0.2,3,1
0.564848484848485,many-random,0.01,0.2,3,1
0.58020202020202,Original-View,0.01,0.2,3,1
0.533535353535354,KNN,0.01,0.2,3,2
0.544040404040404,KNNW,0.01,0.2,3,2
0.508484848484848,LOF,0.01,0.2,3,2
0.50989898989899,SimplifiedLOF,0.01,0.2,3,2
0.492525252525253,LoOP,0.01,0.2,3,2
0.542424242424243,LDOFs,0.01,0.2,3,2
0.665050505050505,ODIN,0.01,0.2,3,2
0.733333333333333,FastABOD,0.01,0.2,3,2
0.621818181818182,KDEOS,0.01,0.2,3,2
0.527272727272727,LDF,0.01,0.2,3,2
0.489090909090909,INFLO,0.01,0.2,3,2
0.512727272727273,COF,0.01,0.2,3,2
0.658585858585859,1-random,0.01,0.2,3,2
0.666666666666667,many-random,0.01,0.2,3,2
0.58020202020202,Original-View,0.01,0.2,3,2
