V1,Representation,Normal_Size,Percentage_Random_Features,Normal_Iteration,Iteration_Features
0.568888888888889,KNN,0.01,0.1,1,1
0.630707070707071,KNNW,0.01,0.1,1,1
0.555959595959596,LOF,0.01,0.1,1,1
0.484040404040404,SimplifiedLOF,0.01,0.1,1,1
0.533535353535354,LoOP,0.01,0.1,1,1
0.532121212121212,LDOFs,0.01,0.1,1,1
0.574141414141414,ODIN,0.01,0.1,1,1
0.66,FastABOD,0.01,0.1,1,1
0.489292929292929,KDEOS,0.01,0.1,1,1
0.525050505050505,LDF,0.01,0.1,1,1
0.507676767676768,INFLO,0.01,0.1,1,1
0.605252525252525,COF,0.01,0.1,1,1
0.514949494949495,1-random,0.01,0.1,1,1
0.616363636363636,many-random,0.01,0.1,1,1
0.585454545454545,Original-View,0.01,0.1,1,1
0.565050505050505,KNN,0.01,0.1,1,2
0.630909090909091,KNNW,0.01,0.1,1,2
0.514747474747475,LOF,0.01,0.1,1,2
0.476161616161616,SimplifiedLOF,0.01,0.1,1,2
0.472525252525253,LoOP,0.01,0.1,1,2
0.529090909090909,LDOFs,0.01,0.1,1,2
0.55010101010101,ODIN,0.01,0.1,1,2
0.64020202020202,FastABOD,0.01,0.1,1,2
0.506060606060606,KDEOS,0.01,0.1,1,2
0.477575757575758,LDF,0.01,0.1,1,2
0.501818181818182,INFLO,0.01,0.1,1,2
0.702424242424242,COF,0.01,0.1,1,2
0.514141414141414,1-random,0.01,0.1,1,2
0.504242424242424,many-random,0.01,0.1,1,2
0.585454545454545,Original-View,0.01,0.1,1,2
0.591919191919192,KNN,0.01,0.1,2,1
0.510909090909091,KNNW,0.01,0.1,2,1
0.691717171717172,LOF,0.01,0.1,2,1
0.667676767676768,SimplifiedLOF,0.01,0.1,2,1
0.667272727272727,LoOP,0.01,0.1,2,1
0.667676767676768,LDOFs,0.01,0.1,2,1
0.60020202020202,ODIN,0.01,0.1,2,1
0.648282828282828,FastABOD,0.01,0.1,2,1
0.62949494949495,KDEOS,0.01,0.1,2,1
0.617575757575758,LDF,0.01,0.1,2,1
0.74040404040404,INFLO,0.01,0.1,2,1
0.558989898989899,COF,0.01,0.1,2,1
0.652929292929293,1-random,0.01,0.1,2,1
0.652323232323232,many-random,0.01,0.1,2,1
0.578181818181818,Original-View,0.01,0.1,2,1
0.590505050505051,KNN,0.01,0.1,2,2
0.505656565656566,KNNW,0.01,0.1,2,2
0.744040404040404,LOF,0.01,0.1,2,2
0.737979797979798,SimplifiedLOF,0.01,0.1,2,2
0.665858585858586,LoOP,0.01,0.1,2,2
0.621818181818182,LDOFs,0.01,0.1,2,2
0.640808080808081,ODIN,0.01,0.1,2,2
0.634141414141414,FastABOD,0.01,0.1,2,2
0.624444444444444,KDEOS,0.01,0.1,2,2
0.677171717171717,LDF,0.01,0.1,2,2
0.653333333333333,INFLO,0.01,0.1,2,2
0.516969696969697,COF,0.01,0.1,2,2
0.613131313131313,1-random,0.01,0.1,2,2
0.660606060606061,many-random,0.01,0.1,2,2
0.578181818181818,Original-View,0.01,0.1,2,2
0.546666666666667,KNN,0.01,0.1,3,1
0.627878787878788,KNNW,0.01,0.1,3,1
0.584242424242424,LOF,0.01,0.1,3,1
0.652323232323232,SimplifiedLOF,0.01,0.1,3,1
0.638383838383838,LoOP,0.01,0.1,3,1
0.691111111111111,LDOFs,0.01,0.1,3,1
0.591919191919192,ODIN,0.01,0.1,3,1
0.736767676767677,FastABOD,0.01,0.1,3,1
0.630909090909091,KDEOS,0.01,0.1,3,1
0.545454545454545,LDF,0.01,0.1,3,1
0.732323232323232,INFLO,0.01,0.1,3,1
0.581616161616162,COF,0.01,0.1,3,1
0.610909090909091,1-random,0.01,0.1,3,1
0.641414141414141,many-random,0.01,0.1,3,1
0.49979797979798,Original-View,0.01,0.1,3,1
0.532727272727273,KNN,0.01,0.1,3,2
0.651919191919192,KNNW,0.01,0.1,3,2
0.587676767676768,LOF,0.01,0.1,3,2
0.645050505050505,SimplifiedLOF,0.01,0.1,3,2
0.621616161616162,LoOP,0.01,0.1,3,2
0.662020202020202,LDOFs,0.01,0.1,3,2
0.685050505050505,ODIN,0.01,0.1,3,2
0.721010101010101,FastABOD,0.01,0.1,3,2
0.631717171717172,KDEOS,0.01,0.1,3,2
0.497979797979798,LDF,0.01,0.1,3,2
0.724242424242424,INFLO,0.01,0.1,3,2
0.555555555555556,COF,0.01,0.1,3,2
0.74989898989899,1-random,0.01,0.1,3,2
0.538989898989899,many-random,0.01,0.1,3,2
0.49979797979798,Original-View,0.01,0.1,3,2
