V1,Representation,Normal_Size,Percentage_Random_Features,Normal_Iteration,Iteration_Features
0.681473684210526,KNN,0.05,0.1,1,1
0.618315789473684,KNNW,0.05,0.1,1,1
0.740631578947368,LOF,0.05,0.1,1,1
0.736210526315789,SimplifiedLOF,0.05,0.1,1,1
0.655789473684211,LoOP,0.05,0.1,1,1
0.681052631578947,LDOFs,0.05,0.1,1,1
0.632631578947368,ODIN,0.05,0.1,1,1
0.764842105263158,FastABOD,0.05,0.1,1,1
0.554947368421053,KDEOS,0.05,0.1,1,1
0.505052631578947,LDF,0.05,0.1,1,1
0.724,INFLO,0.05,0.1,1,1
0.657684210526316,COF,0.05,0.1,1,1
0.576631578947368,1-random,0.05,0.1,1,1
0.549473684210526,many-random,0.05,0.1,1,1
0.663578947368421,Original-View,0.05,0.1,1,1
0.663789473684211,KNN,0.05,0.1,1,2
0.613684210526316,KNNW,0.05,0.1,1,2
0.725684210526316,LOF,0.05,0.1,1,2
0.753894736842105,SimplifiedLOF,0.05,0.1,1,2
0.634105263157895,LoOP,0.05,0.1,1,2
0.688631578947368,LDOFs,0.05,0.1,1,2
0.623157894736842,ODIN,0.05,0.1,1,2
0.786736842105263,FastABOD,0.05,0.1,1,2
0.542947368421053,KDEOS,0.05,0.1,1,2
0.554105263157895,LDF,0.05,0.1,1,2
0.713894736842105,INFLO,0.05,0.1,1,2
0.727157894736842,COF,0.05,0.1,1,2
0.510947368421053,1-random,0.05,0.1,1,2
0.563578947368421,many-random,0.05,0.1,1,2
0.663578947368421,Original-View,0.05,0.1,1,2
0.640421052631579,KNN,0.05,0.1,2,1
0.565052631578947,KNNW,0.05,0.1,2,1
0.736210526315789,LOF,0.05,0.1,2,1
0.754736842105263,SimplifiedLOF,0.05,0.1,2,1
0.663578947368421,LoOP,0.05,0.1,2,1
0.647368421052632,LDOFs,0.05,0.1,2,1
0.524,ODIN,0.05,0.1,2,1
0.735157894736842,FastABOD,0.05,0.1,2,1
0.527157894736842,KDEOS,0.05,0.1,2,1
0.527368421052632,LDF,0.05,0.1,2,1
0.735578947368421,INFLO,0.05,0.1,2,1
0.574526315789474,COF,0.05,0.1,2,1
0.478736842105263,1-random,0.05,0.1,2,1
0.689263157894737,many-random,0.05,0.1,2,1
0.606526315789474,Original-View,0.05,0.1,2,1
0.64,KNN,0.05,0.1,2,2
0.548421052631579,KNNW,0.05,0.1,2,2
0.744842105263158,LOF,0.05,0.1,2,2
0.746526315789474,SimplifiedLOF,0.05,0.1,2,2
0.685684210526316,LoOP,0.05,0.1,2,2
0.666315789473684,LDOFs,0.05,0.1,2,2
0.624842105263158,ODIN,0.05,0.1,2,2
0.641473684210526,FastABOD,0.05,0.1,2,2
0.522736842105263,KDEOS,0.05,0.1,2,2
0.490736842105263,LDF,0.05,0.1,2,2
0.737473684210526,INFLO,0.05,0.1,2,2
0.500210526315789,COF,0.05,0.1,2,2
0.585263157894737,1-random,0.05,0.1,2,2
0.559368421052632,many-random,0.05,0.1,2,2
0.606526315789474,Original-View,0.05,0.1,2,2
0.642315789473684,KNN,0.05,0.1,3,1
0.469894736842105,KNNW,0.05,0.1,3,1
0.765684210526316,LOF,0.05,0.1,3,1
0.615789473684211,SimplifiedLOF,0.05,0.1,3,1
0.619157894736842,LoOP,0.05,0.1,3,1
0.57621052631579,LDOFs,0.05,0.1,3,1
0.528421052631579,ODIN,0.05,0.1,3,1
0.720421052631579,FastABOD,0.05,0.1,3,1
0.465263157894737,KDEOS,0.05,0.1,3,1
0.747578947368421,LDF,0.05,0.1,3,1
0.734736842105263,INFLO,0.05,0.1,3,1
0.656842105263158,COF,0.05,0.1,3,1
0.667789473684211,1-random,0.05,0.1,3,1
0.730947368421053,many-random,0.05,0.1,3,1
0.558526315789474,Original-View,0.05,0.1,3,1
0.651368421052632,KNN,0.05,0.1,3,2
0.514947368421053,KNNW,0.05,0.1,3,2
0.760631578947368,LOF,0.05,0.1,3,2
0.698736842105263,SimplifiedLOF,0.05,0.1,3,2
0.625263157894737,LoOP,0.05,0.1,3,2
0.592421052631579,LDOFs,0.05,0.1,3,2
0.597263157894737,ODIN,0.05,0.1,3,2
0.761684210526316,FastABOD,0.05,0.1,3,2
0.558526315789474,KDEOS,0.05,0.1,3,2
0.605684210526316,LDF,0.05,0.1,3,2
0.712,INFLO,0.05,0.1,3,2
0.73221052631579,COF,0.05,0.1,3,2
0.773684210526316,1-random,0.05,0.1,3,2
0.679157894736842,many-random,0.05,0.1,3,2
0.558526315789474,Original-View,0.05,0.1,3,2
