V1,Representation,Normal_Size,Percentage_Random_Features,Normal_Iteration,Iteration_Features
0.648210526315789,KNN,0.05,0.2,1,1
0.628631578947369,KNNW,0.05,0.2,1,1
0.758315789473684,LOF,0.05,0.2,1,1
0.729684210526316,SimplifiedLOF,0.05,0.2,1,1
0.641684210526316,LoOP,0.05,0.2,1,1
0.666526315789474,LDOFs,0.05,0.2,1,1
0.565473684210526,ODIN,0.05,0.2,1,1
0.742105263157895,FastABOD,0.05,0.2,1,1
0.546947368421053,KDEOS,0.05,0.2,1,1
0.642315789473684,LDF,0.05,0.2,1,1
0.737684210526316,INFLO,0.05,0.2,1,1
0.449473684210526,COF,0.05,0.2,1,1
0.629473684210526,1-random,0.05,0.2,1,1
0.591789473684211,many-random,0.05,0.2,1,1
0.620210526315789,Original-View,0.05,0.2,1,1
0.648210526315789,KNN,0.05,0.2,1,2
0.593473684210526,KNNW,0.05,0.2,1,2
0.735157894736842,LOF,0.05,0.2,1,2
0.670315789473684,SimplifiedLOF,0.05,0.2,1,2
0.663368421052632,LoOP,0.05,0.2,1,2
0.622105263157895,LDOFs,0.05,0.2,1,2
0.493894736842105,ODIN,0.05,0.2,1,2
0.729263157894737,FastABOD,0.05,0.2,1,2
0.530947368421053,KDEOS,0.05,0.2,1,2
0.632,LDF,0.05,0.2,1,2
0.727157894736842,INFLO,0.05,0.2,1,2
0.557473684210526,COF,0.05,0.2,1,2
0.602105263157895,1-random,0.05,0.2,1,2
0.680631578947368,many-random,0.05,0.2,1,2
0.620210526315789,Original-View,0.05,0.2,1,2
0.679789473684211,KNN,0.05,0.2,2,1
0.512,KNNW,0.05,0.2,2,1
0.621473684210526,LOF,0.05,0.2,2,1
0.544631578947369,SimplifiedLOF,0.05,0.2,2,1
0.674947368421053,LoOP,0.05,0.2,2,1
0.577684210526316,LDOFs,0.05,0.2,2,1
0.726315789473684,ODIN,0.05,0.2,2,1
0.733473684210526,FastABOD,0.05,0.2,2,1
0.498736842105263,KDEOS,0.05,0.2,2,1
0.530736842105263,LDF,0.05,0.2,2,1
0.743789473684211,INFLO,0.05,0.2,2,1
0.685894736842105,COF,0.05,0.2,2,1
0.610736842105263,1-random,0.05,0.2,2,1
0.626315789473684,many-random,0.05,0.2,2,1
0.64,Original-View,0.05,0.2,2,1
0.687789473684211,KNN,0.05,0.2,2,2
0.532210526315789,KNNW,0.05,0.2,2,2
0.628210526315789,LOF,0.05,0.2,2,2
0.599157894736842,SimplifiedLOF,0.05,0.2,2,2
0.661052631578947,LoOP,0.05,0.2,2,2
0.574736842105263,LDOFs,0.05,0.2,2,2
0.698105263157895,ODIN,0.05,0.2,2,2
0.711578947368421,FastABOD,0.05,0.2,2,2
0.530736842105263,KDEOS,0.05,0.2,2,2
0.578736842105263,LDF,0.05,0.2,2,2
0.723578947368421,INFLO,0.05,0.2,2,2
0.740210526315789,COF,0.05,0.2,2,2
0.633263157894737,1-random,0.05,0.2,2,2
0.642947368421053,many-random,0.05,0.2,2,2
0.64,Original-View,0.05,0.2,2,2
0.632842105263158,KNN,0.05,0.2,3,1
0.53621052631579,KNNW,0.05,0.2,3,1
0.748631578947368,LOF,0.05,0.2,3,1
0.760842105263158,SimplifiedLOF,0.05,0.2,3,1
0.712842105263158,LoOP,0.05,0.2,3,1
0.648,LDOFs,0.05,0.2,3,1
0.568631578947369,ODIN,0.05,0.2,3,1
0.691789473684211,FastABOD,0.05,0.2,3,1
0.631578947368421,KDEOS,0.05,0.2,3,1
0.488421052631579,LDF,0.05,0.2,3,1
0.748842105263158,INFLO,0.05,0.2,3,1
0.692421052631579,COF,0.05,0.2,3,1
0.703789473684211,1-random,0.05,0.2,3,1
0.740210526315789,many-random,0.05,0.2,3,1
0.731368421052632,Original-View,0.05,0.2,3,1
0.647368421052632,KNN,0.05,0.2,3,2
0.536631578947369,KNNW,0.05,0.2,3,2
0.776631578947368,LOF,0.05,0.2,3,2
0.727368421052632,SimplifiedLOF,0.05,0.2,3,2
0.675157894736842,LoOP,0.05,0.2,3,2
0.664421052631579,LDOFs,0.05,0.2,3,2
0.589473684210526,ODIN,0.05,0.2,3,2
0.734105263157895,FastABOD,0.05,0.2,3,2
0.611157894736842,KDEOS,0.05,0.2,3,2
0.594736842105263,LDF,0.05,0.2,3,2
0.754736842105263,INFLO,0.05,0.2,3,2
0.633894736842105,COF,0.05,0.2,3,2
0.742736842105263,1-random,0.05,0.2,3,2
0.739157894736842,many-random,0.05,0.2,3,2
0.731368421052632,Original-View,0.05,0.2,3,2
